   1.000000000000000   0.006362728615612   0.048471210247033   0.131705146025437   0.074205600506053
   0.006362728615612   1.000000000000000   0.053641168203498   0.006362728615612   0.000908961230802
   0.048471210247033   0.053641168203498   1.000000000000000   0.048471210247033   0.046060757756346
   0.131705146025437   0.006362728615612   0.048471210247033   1.000000000000000   0.074205600506053
   0.074205600506053   0.000908961230802   0.046060757756346   0.074205600506053   1.000000000000000
   0.041676335809721   0.043260746921963   0.032533651336311   0.041676335809721   0.048807356615196
   0.048143534418887   0.057277013126705   0.039943656266153   0.048143534418887   0.005076071504159
   0.006362728615612   0.080007271689846   0.053641168203498   0.006362728615612   0.000908961230802

  6 至 8 列

   0.041676335809721   0.048143534418887   0.006362728615612
   0.043260746921963   0.057277013126705   0.080007271689846
   0.032533651336311   0.039943656266153   0.053641168203498
   0.041676335809721   0.048143534418887   0.006362728615612
   0.048807356615196   0.005076071504159   0.000908961230802
   1.000000000000000   0.071222755855946   0.070394961108668
   0.071222755855946   1.000000000000000   0.093455965375645
   0.070394961108668   0.093455965375645   1.000000000000000

   1 至 6 列

      1.000000000000000   0.009655052660240   0.060397869436077   0.160177731679335   0.092747136707996   0.053310806495506
      0.009655052660240   1.000000000000000   0.067851544528898   0.009655052660240   0.001703832822395   0.055432212589728
      0.060397869436077   0.067851544528898   1.000000000000000   0.060397869436077   0.056977280551155   0.042649804539563
      0.160177731679335   0.009655052660240   0.060397869436077   1.000000000000000   0.092747136707996   0.053310806495506
      0.092747136707996   0.001703832822395   0.056977280551155   0.092747136707996   1.000000000000000   0.060987052269972
      0.053310806495506   0.055432212589728   0.042649804539563   0.053310806495506   0.060987052269972   1.000000000000000
      0.059829278999938   0.073152357754128   0.051522605799300   0.059829278999938   0.007921043001153   0.088146462001812
      0.009655052660240   0.100925400382149   0.067851544528898   0.009655052660240   0.001703832822395   0.086925547651753

     7 至 8 列

      0.059829278999938   0.009655052660240
      0.073152357754128   0.100925400382149
      0.051522605799300   0.067851544528898
      0.059829278999938   0.009655052660240
      0.007921043001153   0.001703832822395
      0.088146462001813   0.086925547651753
      1.000000000000000   0.115143471170161
      0.115143471170161   1.000000000000000
        1 至 5 列

         1.000000000000000   0.019364079435990   0.087669329172962   0.220194624075306   0.135098541138836
         0.019364079435990   1.000000000000000   0.100973120376531   0.019364079435990   0.004841019858998
         0.087669329172962   0.100973120376531   1.000000000000000   0.087669329172962   0.081766365891951
         0.220194624075306   0.019364079435990   0.087669329172962   1.000000000000000   0.135098541138836
         0.135098541138836   0.004841019858998   0.081766365891951   0.135098541138836   1.000000000000000
         0.081398181804277   0.084605043357227   0.068042167457115   0.081398181804277   0.089120433342838
         0.086307594315762   0.110655160094526   0.079595937083130   0.086307594315762   0.016690429289536
         0.019364079435990   0.149039170635298   0.100973120376531   0.019364079435990   0.004841019858998

        6 至 8 列

         0.081398181804277   0.086307594315762   0.019364079435990
         0.084605043357227   0.110655160094526   0.149039170635298
         0.068042167457115   0.079595937083130   0.100973120376531
         0.081398181804277   0.086307594315762   0.019364079435990
         0.089120433342838   0.016690429289536   0.004841019858998
         1.000000000000000   0.125865758843429   0.123595312153462
         0.125865758843429   1.000000000000000   0.162642185156172
         0.123595312153462   0.162642185156172   1.000000000000000


5 4 0.000434028
4 4 0.00260417
3 7 0.015625
5 1 0.000434028
4 1 0.00173611
3 2 0.00694444
5 0 0.000434028
4 0 0.00173611
2 3 0.0416667
1 2 0.166667
5 3 0.000651042
4 3 0.00173611
3 0 0.0104167
2 0 0.0416667
1 1 0.25


5 7 0.000651042
4 7 0.00260417
3 4 0.0104167
2 4 0.0625
5 2 0.000289352
4 2 0.00173611
3 1 0.0104167
2 1 0.0416667
0 0 1
5 4 0.000434028
4 4 0.00260417
3 7 0.015625
5 1 0.000434028
4 1 0.00173611
3 2 0.0104167
5 0 0.000434028
4 0 0.00173611
2 3 0.0416667
1 2 0.25
5 3 0.000651042
4 3 0.00173611
3 0 0.0104167
2 0 0.0416667
1 1 0.25
5 7 0.000651042
4 7 0.00260417
3 4 0.0104167
2 4 0.0625
5 2 0.000434028
4 2 0.00260417
3 1 0.0104167
2 1 0.0416667
0 0 1